QGC WPL 110
0	1	0	16	0	0	0	0	37.012363	-76.591064	10.000000	1
1	0	0	17	0.000000	0.000000	0.000000	0.000000	37.023182	-76.590478	210.000000	1
2	0	0	16	30.000000	0.000000	0.000000	0.000000	37.016295	-76.591358	200.000000	1
3	0	0	16	14.000000	0.000000	0.000000	0.000000	37.018899	-76.594019	200.000000	1
4	0	0	16	15.000000	0.000000	0.000000	0.000000	37.022291	-76.594534	200.000000	1
5	0	0	16	18.000000	0.000000	0.000000	0.000000	37.025615	-76.591530	200.000000	1
6	0	0	16	13.000000	0.000000	0.000000	0.000000	37.024330	-76.588204	200.000000	1
7	0	0	16	13.000000	0.000000	0.000000	0.000000	37.021435	-76.589513	200.000000	1
8	0	0	177	2.000000	-1.000000	0.000000	0.000000	-1.000000	0.000000	0.000000	1
