QGC WPL 110
0	1	0	16	0	0	0	0	37.012363	-76.591064	10.000000	1
1	0	0	17	0.000000	0.000000	0.000000	0.000000	37.022942	-76.590543	200.000000	1
2	0	0	16	23.000000	0.000000	0.000000	0.000000	37.016295	-76.591315	200.000000	1
3	0	0	16	15.000000	0.000000	0.000000	0.000000	37.018899	-76.594191	200.000000	1
4	0	0	16	15.000000	0.000000	0.000000	0.000000	37.022428	-76.594491	200.000000	1
5	0	0	16	17.000000	0.000000	0.000000	0.000000	37.025546	-76.591487	200.000000	1
6	0	0	16	12.000000	0.000000	0.000000	0.000000	37.024278	-76.588343	200.000000	1
7	0	0	16	13.000000	0.000000	0.000000	0.000000	37.021332	-76.589513	200.000000	1
8	0	0	177	2.000000	-1.000000	0.000000	0.000000	-1.000000	0.000000	0.000000	1
