QGC WPL 110
0	1	0	16	0	0	0	0	39.335892	-86.029648	200.000000	1
1	0	3	16	9.000000	0.000000	0.000000	0.000000	39.334694	-86.024796	200.000000	1
2	0	3	16	13.000000	0.000000	0.000000	0.000000	39.334644	-86.028229	200.000000	1
3	0	3	16	9.000000	0.000000	0.000000	0.000000	39.335907	-86.026535	200.000000	1
4	0	3	177	1.000000	-1.000000	0.000000	0.000000	-1.000000	0.000000	0.000000	1
5	0	3	16	11.000000	0.000000	0.000000	0.000000	39.337875	-86.028206	200.000000	1
6	0	3	16	12.000000	0.000000	0.000000	0.000000	39.337891	-86.024956	200.000000	1
7	0	3	16	11.000000	0.000000	0.000000	0.000000	39.335915	-86.026535	200.000000	1
8	0	3	177	5.000000	-1.000000	0.000000	0.000000	-1.000000	0.000000	0.000000	1
