QGC WPL 110
0	1	0	16	0	0	0	0	37.012363	-76.591064	10.000000	1
1	0	3	16	35.000000	0.000000	0.000000	0.000000	37.020287	-76.596123	200.000000	1
2	0	3	16	12.000000	0.000000	0.000000	0.000000	37.023167	-76.594940	200.000000	1
3	0	3	16	23.000000	0.000000	0.000000	0.000000	37.022549	-76.588120	200.000000	1
4	0	3	16	11.000000	0.000000	0.000000	0.000000	37.025238	-76.587517	200.000000	1
5	0	3	16	13.000000	0.000000	0.000000	0.000000	37.025547	-76.591637	200.000000	1
6	0	3	16	30.000000	0.000000	0.000000	0.000000	37.016552	-76.594597	200.000000	1
7	0	3	16	32.000000	0.000000	0.000000	0.000000	37.019481	-76.588268	200.000000	1
8	0	3	177	1.000000	-1.000000	0.000000	0.000000	-1.000000	0.000000	0.000000	1
