QGC WPL 110
0	1	0	16	0	0	0	0	37.012459	-76.591103	10.000000	1
1	0	3	16	0.000000	0.000000	0.000000	0.000000	36.963882	-76.571617	100.000000	1
2	0	3	16	0.000000	0.000000	0.000000	0.000000	36.978695	-76.565613	100.000000	1
3	0	3	16	0.000000	0.000000	0.000000	0.000000	36.980888	-76.544838	100.000000	1
4	0	3	16	0.000000	0.000000	0.000000	0.000000	36.985140	-76.559515	100.000000	1
5	0	3	16	0.000000	0.000000	0.000000	0.000000	36.999126	-76.558228	100.000000	1
6	0	3	16	0.000000	0.000000	0.000000	0.000000	36.988499	-76.567581	100.000000	1
7	0	3	16	0.000000	0.000000	0.000000	0.000000	36.990623	-76.588615	100.000000	1
8	0	3	16	0.000000	0.000000	0.000000	0.000000	36.981300	-76.572823	100.000000	1
