QGC WPL 110
0	1	0	16	0	0	0	0	37.016826	-76.592066	10.000000	1
1	0	0	16	0.000000	0.000000	0.000000	0.000000	37.016876	-76.592064	200.000000	1
2	0	0	16	0.000000	0.000000	0.000000	0.000000	37.023540	-76.593979	200.000000	1
3	0	0	16	0.000000	0.000000	0.000000	0.000000	37.022495	-76.590096	200.000000	1
4	0	0	177	1.000000	3.000000	0.000000	0.000000	0.000000	0.000000	0.000000	1
5	0	0	16	0.000000	0.000000	0.000000	0.000000	37.018008	-76.595478	200.000000	1
6	0	0	16	0.000000	0.000000	0.000000	0.000000	37.016809	-76.592131	200.000000	1
7	0	0	16	0.000000	0.000000	0.000000	0.000000	37.022514	-76.590092	200.000000	1
8	0	0	177	5.000000	100.000000	0.000000	0.000000	37.018728	-76.588097	0.000000	1
