QGC WPL 110
0	1	0	16	0	0	0	0	37.016826	-76.592066	10.000000	1
1	0	0	16	0.000000	0.000000	0.000000	0.000000	37.016877	-76.592066	200.000000	1
2	0	0	16	0.000000	0.000000	0.000000	0.000000	37.024981	-76.590543	200.000000	1
3	0	0	16	0.000000	0.000000	0.000000	0.000000	37.021452	-76.589727	200.000000	1
4	0	0	177	1.000000	1.000000	0.000000	0.000000	3.000000	0.000000	0.000000	1
5	0	0	16	0.000000	0.000000	0.000000	0.000000	37.018009	-76.595482	200.000000	1
6	0	0	16	0.000000	0.000000	0.000000	0.000000	37.018008	-76.590929	200.000000	1
7	0	0	16	0.000000	0.000000	0.000000	0.000000	37.023131	-76.589105	200.000000	1
8	0	0	177	5.000000	100.000000	0.000000	0.000000	100.000000	0.000000	0.000000	1
